1 1.5647299915591433 1.53190896535668 1.5147286929044432 1.5458893375064686 1.5744749835398997 1.5771448981019773 1.5168663557381752 1.5345699056016688 1.567275213742569 1.5509693156332365 0.9691761949241904 0.9596931018382262 0.9483878213709374 0.9575668580468871 0.9644319702616351 0.9731190393986792 0.9579206776109308 0.9558784515081137 0.9673958667499972 0.9622425417477987 
2 1.1882801921909858 1.1908318698907754 1.1553856608860469 1.1900812741294382 1.2103721925428192 1.2121099534796993 1.1623000919134254 1.1831953270366637 1.184237593095627 1.1701414570140394 0.8455844666096893 0.8442628873261517 0.8296486591304498 0.8440117401684559 0.8505349392581678 0.8517804619738164 0.8402378650308232 0.8453226180649742 0.8445370973576112 0.83661068727247 
3 1.0771678687974384 1.0703119913331036 1.051960610843582 1.066547773117802 1.090754957498618 1.0851122022145347 1.0567478922289948 1.067738699108649 1.0667007511255686 1.0498681714129923 0.8074031675784007 0.8018980455548237 0.7893389289585326 0.7990889816430081 0.8130551265886825 0.8065728980434185 0.8016382061578344 0.8030654207443855 0.8053665308669523 0.7942691828036769 
4 1.023840870518091 1.0106372553891012 0.9974245046333544 1.0131616296376151 1.0306210073939515 1.0186006799789715 1.002811223592206 1.0103410851918742 1.007431368219797 0.9926761262059761 0.7888303998762085 0.7791798039055563 0.770113497688823 0.7791201198488361 0.7905228847496414 0.7852257389508168 0.7801436085440829 0.7796784294846644 0.7814541188700325 0.7688395680766912 
5 0.9923871167317606 0.9838566087657742 0.9644649848037973 0.977200560185844 0.9942889994672837 0.9848217832398434 0.968138710651899 0.981725227968088 0.9708012770595392 0.9584497128724155 0.7753848801826206 0.7689879281425143 0.7562136200264618 0.7650320221009548 0.77575026190503 0.7724371475682248 0.7653984439181359 0.7674241793088068 0.7681184477166657 0.7557299771499202 
6 0.9671592532245759 0.9653975150273479 0.948872790162348 0.9545494048788201 0.969544041264417 0.9684560434973774 0.9448566669032371 0.9565086832903531 0.9403581200639319 0.9367402899199678 0.7660293912916856 0.760239281713469 0.7518135632290955 0.7572187728527325 0.7662332146001213 0.765012556695665 0.756673482950297 0.7562628775738506 0.7570634570560192 0.7476926764026057 
7 0.9506126326694088 0.9503465698142176 0.9354771325215221 0.9442615171655396 0.950537597840762 0.9492544079757794 0.9361233616206042 0.9425853588057517 0.9289313351122721 0.9254179873417931 0.7611920133360374 0.7540068270510002 0.7460550413653161 0.752962183324203 0.7571269551671191 0.7582768961346392 0.7538064558140242 0.7509517238971002 0.7519406459980379 0.7431602577051338 
8 0.9385030444323745 0.9415972807405202 0.9252454212103501 0.9339023816755 0.9402286794477311 0.9354081863165716 0.9262522315275442 0.9325913631915679 0.9172567232860119 0.9127849077323128 0.756646187349443 0.7510651824078045 0.7423312520597226 0.7486790502460614 0.7525541349142958 0.7515835161145792 0.7492048590777028 0.7471777997871728 0.7466166618655444 0.7388937804533896 
9 0.9271432480315887 0.9346523590816395 0.9192381291260464 0.9259018527795746 0.934016720301316 0.9286672205730576 0.9185086546533597 0.9250532489707762 0.9101298933059814 0.9050625180959758 0.7519444378232474 0.7486006424207975 0.7396006092626861 0.7447540103063005 0.7502123056238658 0.7487364050464079 0.7451038204731242 0.7452354924009559 0.743288752684881 0.7360493303135481 
10 0.9209533330238524 0.9278418908486541 0.9108939460981162 0.9174183689623869 0.9227403782644029 0.9194283451205223 0.91278211928102 0.9194649846824492 0.9062949597830385 0.9003502207754049 0.7502925553520301 0.7459310270214562 0.7370830558659006 0.7422006501129849 0.7452782495607757 0.7449363119883761 0.742732296958396 0.7426266553277131 0.741949264536597 0.7332810720886267 
11 0.9165727199356912 0.9203683871306415 0.9073084043184179 0.9142566213239708 0.9173716299660866 0.9158474212984966 0.9086768418638071 0.9149677883219394 0.9023942123886851 0.8941684001514968 0.7492151685710589 0.743164292209524 0.7351651516283312 0.7407245162980828 0.7430234208547156 0.7439062368859982 0.7411375038964984 0.7407470525845675 0.7408306359477115 0.7315750434349713 
12 0.9117707874228861 0.9174088026363568 0.902694694367952 0.9094564454595168 0.9157029542357737 0.9114898720620226 0.9050799994684403 0.9124079378272785 0.8986131380068093 0.8903806730114855 0.747466574002611 0.7420643577333516 0.7335859055076077 0.7387628646299691 0.7421158077509029 0.7429079586588623 0.7406303488160423 0.7397328305287595 0.7390017223317018 0.7296469937716216 
13 0.9084863885686549 0.9117437329457448 0.9014719797363016 0.9043880054038922 0.911905667926059 0.9071028197809382 0.9007576517551619 0.9099190983209441 0.8960710339197946 0.8892064622125048 0.7454992083423421 0.7392929195933985 0.7328652964267346 0.7369773349568257 0.7405510165549832 0.7413073802056658 0.7392542906891455 0.7379732825630981 0.7382468989752713 0.7294790010607858 
14 0.903677412964416 0.9071257712002285 0.8979454620793341 0.902039936545853 0.9093622955636662 0.9060736251387107 0.8981602716949124 0.9078529977762971 0.8937699428966936 0.8868237949027831 0.7436860859980821 0.7375090929631835 0.7308537342825236 0.7364062573889363 0.7393547954716305 0.7410619153990221 0.7376949624120449 0.7370209081399772 0.7377094037980397 0.7276992506602251 
15 0.9036341735029486 0.9064082467264581 0.8963800296724282 0.898697032255596 0.9074990211776458 0.9044271008316935 0.897842712404729 0.9066192149865903 0.8907581080201057 0.8842187448038281 0.7436227019765861 0.7375527629198293 0.7305844578631671 0.7351573132594723 0.7381720444371457 0.7406981722721506 0.737506726146929 0.7370500093227612 0.736047457868134 0.727023605505142 
16 0.9028259994254673 0.9061295733199451 0.8941169698095327 0.8969259748113271 0.906103115884309 0.9030351139584749 0.8982742170325652 0.9043057320627508 0.8889461370269258 0.883104450122581 0.743423076488561 0.73773891310259 0.7294429013165379 0.7345855673517921 0.7375510278748323 0.7403562337832367 0.7375743949579708 0.7362414606220572 0.7354606714294158 0.7265435174955865 
17 0.9012073395064987 0.90497066602271 0.8926146827006219 0.8948172132655642 0.9036881020223083 0.9009933108335495 0.8955458542532407 0.9035654795191788 0.8868767912489078 0.8821593707632325 0.7429241661033803 0.7372312020351373 0.729063760106343 0.7336983024184914 0.7366026103116835 0.739195954833831 0.7365562716838703 0.7358324437860084 0.7346751617074395 0.7266679293988368 
18 0.9014323258139095 0.9034685857725248 0.8906964016146143 0.8933924152480995 0.9004018972943107 0.9007316521030189 0.8941936518350493 0.9017749061133689 0.8858358356924647 0.8812075331827446 0.7431539977928847 0.7362812431718053 0.7284894288580378 0.7337537062214151 0.7354688764120012 0.7393098030561154 0.7358086562228192 0.7354472943610847 0.7348721434949076 0.7264073306325005 
19 0.8998986152698222 0.9030433217107638 0.8888039441558083 0.8926726203011657 0.8981242224195768 0.8990647877864152 0.8933856678270062 0.9010416546798684 0.8851528803701744 0.8798919755353589 0.7424491801251969 0.7366040631522677 0.7275249604243269 0.7332832933967213 0.7343154726314062 0.7383787002017327 0.7350201601187331 0.7351388847260776 0.7347904847336632 0.7255564932439691 
20 0.8981198693457604 0.9018131765420456 0.8874707745377016 0.8922505394319691 0.8989518830381039 0.8987628160188388 0.8925299474701603 0.8996785736761264 0.8853507927033736 0.8797540236647352 0.7418907965540793 0.7358315449721807 0.7269917930846813 0.7334076363826946 0.7345748022231733 0.7383295312099615 0.7347859293877433 0.7348656711152362 0.735027000654896 0.7256106445399805 
21 0.8967387689983874 0.902416997974173 0.8865205230059408 0.8922743103575945 0.8989019414610583 0.8974652643514109 0.8914943020622778 0.8968677376579932 0.8845192840858559 0.8792169085577553 0.7414666789574597 0.7356248181403305 0.7265344913910383 0.7332005534316246 0.7341251980139233 0.7378598609715044 0.7345474555699798 0.7340938051752662 0.7347735919512745 0.7253672442339798 
22 0.8949993495224515 0.9017785101430309 0.885677908171187 0.8923011497713967 0.8987833292599801 0.8971713299817682 0.8895143499421134 0.8956240380960906 0.8838272463661159 0.8786023063540144 0.7403704995993717 0.7354500138805145 0.7265249299183886 0.7336986377062374 0.7345862935381505 0.737346395659621 0.7335368616034038 0.7334069679566877 0.7344560065597338 0.7251412656529225 
23 0.8948077376516937 0.900817004160829 0.8853321232708838 0.8913699728384021 0.8988242140937877 0.8979081060742972 0.8887886580542703 0.8966855412375553 0.8841247776795017 0.8778037758355678 0.7399938741868087 0.7346418763019877 0.7264081966042363 0.733626771749575 0.7347813547907229 0.7378718863548189 0.7333952061630911 0.7338459137947829 0.7345794224236925 0.7248750236395815 
24 0.8949174817572226 0.8998653570569799 0.8837808647093484 0.8917806129669207 0.8990421348720973 0.8972285771109562 0.8882914848807999 0.8970412731068002 0.8837527782222713 0.8789587456627067 0.7399736745368628 0.7344047743753778 0.7256030874513107 0.7340754777996089 0.7346845307933562 0.7376598291999099 0.7331841570083052 0.7336460293337245 0.7344593598094732 0.7250650977023946 
25 0.8933353149067518 0.8988672337751706 0.8836445099741033 0.8914152084187261 0.8984825375854529 0.8978827667679725 0.8881657252532148 0.8952349850762277 0.8835354853423145 0.8784392295331328 0.7394928907819063 0.7341199805281149 0.7256451451528994 0.734095633369682 0.7346190750814351 0.7377608316303209 0.7331569166568622 0.7333007785285609 0.7341051164091393 0.724934283302616 
26 0.8930327795267629 0.898269587140315 0.8834238227896756 0.8915703776970706 0.8995398735611027 0.8977135723772888 0.8879595548034511 0.895225021609485 0.8828564820819411 0.8792305596446266 0.7396245666927858 0.7341391220491238 0.7257483133969498 0.7342323017732774 0.7349995485816981 0.7378820163397309 0.7328528536700517 0.7330207636797318 0.7337912574969889 0.7252299176449334 
27 0.8929923701423277 0.8978780326361208 0.8840296529929937 0.892061078242611 0.8992396898343994 0.8980893032026562 0.8881925104898685 0.8954452763795567 0.8819839277832185 0.8793018751296185 0.739797813206696 0.7341426413044485 0.7259771861912997 0.7346035657166426 0.7350646614887995 0.7380015969558206 0.7332160616956266 0.7331956476180487 0.7334512785417941 0.7252888254946481 
28 0.8932435224614065 0.8977909945012863 0.8839738539110553 0.8915885276706211 0.8995542630463207 0.8976420802396102 0.8876448605687352 0.8955006653980496 0.8818010082276143 0.879065354871637 0.7397068047465037 0.7343548581404572 0.7262907635396569 0.7346860068463585 0.7355078804908313 0.7378627557912711 0.73305508784381 0.7334164114959384 0.7338632522510378 0.7252272992376804 
29 0.8932629946254201 0.8981888040032511 0.88508144846261 0.8916428741294147 0.8990835048746063 0.8968437937083099 0.888211291767842 0.895247416386386 0.8814850459975342 0.8785554812529252 0.7399949760499788 0.7343325023052271 0.7266279399779061 0.734694764088583 0.7352799983253407 0.737896610433517 0.7332674911062167 0.7332489488364995 0.7339517752301892 0.7249063561626483 
30 0.8924048222936793 0.8969681304163545 0.8858547447722798 0.8917712207175141 0.8995702211497577 0.8958486600755896 0.8877468676164794 0.8951769825470844 0.8803335093514123 0.8777606637237221 0.7397959113373866 0.733918788635896 0.7270184033881727 0.7348239950710362 0.7358013108142438 0.7373118787346244 0.7333115459138337 0.7332559615969207 0.733583164080855 0.7249368351564243 
31 0.8918276877673601 0.8969131025998771 0.8854839559069835 0.8911113697606549 0.8986592513637909 0.8960314189720111 0.8876830920862121 0.8946019564059466 0.880950279381863 0.877716615573065 0.7398859729681784 0.7337427709560318 0.7268549734451353 0.7345930542255745 0.7355410309030423 0.7374770080748327 0.7333890630525047 0.7331340915900674 0.7340772913435465 0.7249771569000435 
32 0.8909780017208372 0.8969853559505733 0.8850627037321758 0.8914846984862892 0.8982392040794879 0.8960093074554359 0.887228416041203 0.8942163969818313 0.8807230889948482 0.8778813336949228 0.7397540648443133 0.7338332877951251 0.7267794982313313 0.7347046540488567 0.7354559156729212 0.7376167439227033 0.7333089912945253 0.733101522302431 0.7342148167735216 0.724916609835291 
33 0.8912306914796801 0.896915623407822 0.8856231201183764 0.8917613258557024 0.8986886954831227 0.8961627935741683 0.8880800198402752 0.8943892592930233 0.8805901787831101 0.8779049182859655 0.7399153178313123 0.7338008440225475 0.7272819433452491 0.7345940132280236 0.7356536535826352 0.7375771760100889 0.7336194018380109 0.7334241865901922 0.7340511824305548 0.7248154025659342 
34 0.8913844034488883 0.8969144829879617 0.8852714805880012 0.8915468128634059 0.8979516292843291 0.8965073899329354 0.8885643310248015 0.8943653011765411 0.8801827517583853 0.8789649571797398 0.7401455294545554 0.7337839524042045 0.7273263764400169 0.7346512029772012 0.7353228983616453 0.7376127462327405 0.7338888723538814 0.7334637880901391 0.7339620881351394 0.7253770884973426 
35 0.8917206211344725 0.8971176931970236 0.8854637576330806 0.8914073778717174 0.8978555705128398 0.8975734180282742 0.8890997639718693 0.8940420811261516 0.8802478786099162 0.879777396160806 0.7401471313496233 0.7339019891276947 0.7272749463682754 0.7347738753903613 0.7353160997799879 0.7380454009862913 0.7339802339088333 0.7335756324683516 0.7340436449734856 0.7255740643885491 
36 0.8911105171492567 0.8969617019626541 0.885411565616716 0.890876643163659 0.8986045886005458 0.897096455926809 0.8886785594578458 0.8947083848804183 0.8807578176104708 0.8794111373377156 0.7400121387795502 0.7336899813509231 0.7273516198376568 0.7346819211262596 0.7359988108109504 0.7381102879088199 0.7336734393774081 0.7341371066464899 0.7343859001371271 0.725381783743086 
37 0.8916752867393904 0.8968828284316851 0.8861692067100555 0.8911523614571987 0.8984443009262227 0.8980278199595325 0.8886093453187034 0.8943931750030557 0.8810049260988366 0.8799748720777281 0.7403641427471054 0.7337590685365232 0.7275740523739839 0.7348676908838011 0.7358349182698491 0.7384010912957462 0.7334438654633766 0.7340106148138836 0.7344773301339697 0.7255314327830895 
38 0.8916964744911615 0.8971970987711094 0.885595519945302 0.8915878999734425 0.8981508159068781 0.8980842915698104 0.8890141475798636 0.8942645112057591 0.8812143130664845 0.8798921836610106 0.7402780933208124 0.7340044226228108 0.7273984956763889 0.7351173119555217 0.7358282896148352 0.7386370714180598 0.7337969527246423 0.7341046736295118 0.734670817425212 0.7254544196819309 
39 0.8917623710475484 0.8976556382455588 0.8861531330975535 0.8917305124218854 0.8983247944956174 0.8986410508664309 0.8881771337561757 0.8940347376776832 0.8818751929123975 0.8805758319095605 0.7404888581271835 0.7344288408092708 0.7275092614166626 0.7353350253509511 0.7358973528415981 0.7388863356201048 0.7334782967901471 0.7341400668794159 0.7350806187386287 0.7256940735121882 
40 0.8918344528046193 0.8980068576807693 0.8859338346054508 0.8923237626384943 0.8987350730946168 0.8984059103894211 0.888271503683961 0.8943771655489677 0.8819709703163898 0.8801153440175083 0.7406442662551437 0.7346640218497629 0.7274625935060117 0.735724348763925 0.7360018259151804 0.7386513775729996 0.7336975779353448 0.734139305108567 0.7351299940169946 0.7255991300179102 
41 0.8918915570667135 0.8976374494738706 0.8859232884487729 0.8926149909091325 0.8984747193271294 0.8978762241599461 0.8880141749098901 0.8941247100644117 0.8818339191665504 0.8807802507495269 0.7406853226929226 0.7344775474731684 0.7274533226122168 0.735936307677429 0.7359978845747597 0.7384013561230045 0.7336231441991566 0.7343167082173321 0.7351244252170812 0.7258260251838494 
42 0.8913469283800665 0.8977907638344031 0.8859758539659675 0.8926953792534267 0.8980592849753528 0.8981412172355474 0.8888491860981117 0.8943599076409664 0.8820128083112375 0.8810012843351939 0.7403047262466691 0.7347563399766243 0.7275663908422352 0.7358668062193764 0.7357106056480581 0.738562243860376 0.7340500564068668 0.7344655498016572 0.7352804991740268 0.7261011429882325 
43 0.891693094234739 0.8983418760918827 0.8861292176546078 0.8923776670046458 0.8983425528969907 0.8981688437439996 0.8893416070751197 0.8942866041056584 0.8825332886760291 0.8805841562193245 0.7403558839046189 0.7350900154586837 0.7277400126783937 0.7358539710228467 0.7359358049194448 0.7384834097088082 0.7340037834044156 0.7345687534868716 0.7356593088448193 0.7259470462618547 
44 0.8913374233074972 0.8984961140610818 0.8863773468510892 0.8920767962057867 0.8989362828171185 0.8984851829346724 0.8900590408213415 0.8942990520382269 0.8823794426572096 0.8808618991341642 0.7402320572257588 0.7352668717511055 0.7278954782557204 0.7357772579018547 0.7362223322792001 0.7386076294394975 0.7344524920545182 0.734546090902873 0.7356970457521553 0.7261556901432978 
45 0.890920617921738 0.8986185992046903 0.8870539590779883 0.892503053678572 0.8985501547718417 0.898778801575981 0.8902561809227018 0.8946384251045418 0.8827780969078831 0.881130400714795 0.7401733408059307 0.7353116564191787 0.7280958759600569 0.7360361691934144 0.7362180579937976 0.7388182684524454 0.7344817047731219 0.7347317358236872 0.7360109558706397 0.726361794966314 
46 0.8910840842106219 0.8987092697705482 0.8869752670484 0.8929856491920575 0.8990397962027797 0.899223786628839 0.8903970310520243 0.8946265789732303 0.8828179430350992 0.8811413074543023 0.740276909976058 0.7354465823985342 0.728142795586305 0.7361460857464566 0.7364088906552755 0.7391702155009249 0.7345908559283711 0.7346155258029373 0.7361287240071376 0.7263338591794233 
47 0.8916751828696068 0.8991659753028349 0.8870779044405439 0.892927783811901 0.8990540385907447 0.8994513096849011 0.8904805930353826 0.8944410283146779 0.8829693788106968 0.881357138188114 0.7405916301944502 0.7357521893289297 0.7282670479654793 0.736144237852899 0.7364855670268182 0.7392776696859861 0.7347400809176877 0.7344809507152572 0.7364271805479401 0.7263760836791762 
48 0.8914910097988256 0.899954848334544 0.8877058895380605 0.8932604912322926 0.8993889519384124 0.899555516580327 0.890363932560347 0.8949813882759321 0.8829466826261978 0.8813320373446959 0.7406807232445316 0.7359198704209254 0.7287077763128181 0.7364050589381176 0.736649663148889 0.7394121253358474 0.7346992818067666 0.7348012633388431 0.7364586710890658 0.7265331042814553 
49 0.8915881177577614 0.9003707764456094 0.8878957231296486 0.8934636620728099 0.8992822145060789 0.9000814509374236 0.8906626830718269 0.8951233307419884 0.8831371690388243 0.8822301780938484 0.7407289151532787 0.7360202431999369 0.7288054778162908 0.7364402373962434 0.7366315431575817 0.7397272841397695 0.7348957994536539 0.7349805888217151 0.7368048578983655 0.7269519943395507 
50 0.8916096321455558 0.90083141548395 0.8881365795147345 0.8938846096368849 0.8995586366010399 0.8999365374414093 0.8901854863794811 0.8952416633825544 0.8834889127828995 0.882391140505031 0.7408772364238105 0.7362201530470833 0.7290894089380193 0.7365804737661406 0.7366270146627059 0.7398125467393952 0.7348834239839792 0.7350689873332034 0.7370002081734804 0.7271142001028554 
