1 1.5337763867534906 1.4942966807687996 1.4994080539812613 1.5137442542333794 1.551082467247173 1.5526957631878293 1.5000232326997214 1.4945880060279946 1.5373929408345355 1.5208245251256622 0.9699662066633126 0.9592604159819486 0.9532033788077204 0.9588090649623875 0.9678714739614653 0.97739973767057 0.963455353784489 0.9536248407812642 0.9694066999303584 0.9655707308489923 
2 1.1756822188345903 1.1706861590912478 1.1555201742667391 1.1803505492836073 1.2008424135533482 1.2010257902827195 1.157209502685317 1.1676692533417619 1.1760273794626346 1.1558776983114956 0.8490738643092922 0.8466316638604139 0.8352368459731008 0.8492826724359187 0.8573617673254492 0.8557448606310829 0.8457156910018102 0.848408209817847 0.8509387158771525 0.8412129601403434 
3 1.0697699450001463 1.0580122517217132 1.0500511133592318 1.0621786098977057 1.0852991744082094 1.0832948718095694 1.0568457062330952 1.0599160357193913 1.0616900146726105 1.0388975659764363 0.8109710375264656 0.8052493765371795 0.7936934154385917 0.8054321461009872 0.8190510213985943 0.8128460043100018 0.8078330584106141 0.8062901036972068 0.8104960990656466 0.7977712952910482 
4 1.0164364955493796 1.0036771720839155 0.9987322800652885 1.0104234201790978 1.0263122780742069 1.0204277124570005 1.0039193937225257 1.0055949760558833 1.0035017400308426 0.9866836996824883 0.7914396769613785 0.783217455960281 0.776140994673886 0.7847904906876354 0.7958206222647868 0.7919402148374141 0.7865846572662896 0.7835694028788173 0.7864550066507245 0.7725189205581945 
5 0.9861372192951465 0.9774523084403439 0.9653654620569411 0.9762947472853885 0.9916133980261291 0.9883134929302579 0.9713510704389848 0.9770049041664935 0.9698406119598681 0.9560755838027258 0.778545568956978 0.7732172934940631 0.7616062695361355 0.7705123574370355 0.7804224972227691 0.7798860233438206 0.7710219439260702 0.7711863906166884 0.7735015213702392 0.7611240938713907 
6 0.9627665688106656 0.9607605643769029 0.9501421945572711 0.9552908958219001 0.9684472233339071 0.971819252219288 0.9501860885825297 0.9545542451694199 0.9403916230717183 0.9358066362484949 0.7693395895367512 0.7643893019331391 0.757066457074272 0.7619041480034748 0.7719033040700629 0.7724880717848388 0.762846487346428 0.7612398863537695 0.7621312586506315 0.7532667109590638 
7 0.9484066310916985 0.9462752538419531 0.9368524337045062 0.9448709453540205 0.9496786144137382 0.9531375534618163 0.9411476843745089 0.9410158991395763 0.9304043427004924 0.9249800329074617 0.765243952270203 0.7584041535024602 0.7514981896018184 0.7575834033668775 0.7624910174532693 0.7653000124652092 0.7592480322522015 0.755281228508602 0.7577927088694463 0.7487782359952407 
8 0.937659962785576 0.9380439997759873 0.9269342677114742 0.9349765495610902 0.9395074650750623 0.9394793374209847 0.931404070356567 0.9307692983337507 0.9192107753658707 0.9134771992821054 0.760973850564423 0.7555018474840752 0.7473597665405741 0.7535962898992462 0.7572570384045338 0.7589223171675845 0.754557331552312 0.7514238469226199 0.7525413455975328 0.7448295273308305 
9 0.9272633863342171 0.9306577570119747 0.9209635874595128 0.9279911420867216 0.9335525560684169 0.9321008858838932 0.9241643264197875 0.9238176573638673 0.9124464398764363 0.9055675322005277 0.7564917942073889 0.7529203755291753 0.744860249857928 0.7501010748872565 0.7552195483373836 0.7556611828541673 0.7503804079989224 0.7496516596893508 0.7495372440290013 0.7415875993678473 
10 0.9220621390406457 0.924652071972195 0.9136707030804633 0.9200607503056575 0.922643643876095 0.9239269750923063 0.9178105996814173 0.9182302170961568 0.9091842815159271 0.9010362581360009 0.7547867635658645 0.7503788622153917 0.7423437592160659 0.7471298164863944 0.7501614810842748 0.7522121866653533 0.7475721284104144 0.7467506913155987 0.7481266423793486 0.7388690931696482 
11 0.9175355974657811 0.9168126398276887 0.9101248885673568 0.9168933865723411 0.9171845832399067 0.9201652074354524 0.9145164490196359 0.9139536520121826 0.9049621238231191 0.8945986903337493 0.7532690883320469 0.7475176484083212 0.7407966520460714 0.7458444783391499 0.7480398525073584 0.7503600317306153 0.7463564095185705 0.7449115022144515 0.7464952710245915 0.7365884200987918 
12 0.9134653614791003 0.9138925730070545 0.9056232877479863 0.912075623479448 0.9154480943002394 0.9162816431737579 0.9108965990393423 0.91153712155221 0.9020493008821093 0.8913375527583818 0.7519144462047544 0.7458622547830531 0.7390470865969125 0.7435686824773413 0.746952528376537 0.7489871950985554 0.745601128359331 0.7439843793014259 0.7448275180447735 0.7344242154280016 
13 0.9101677277166226 0.9087198752222672 0.9042617149733182 0.9072809028326803 0.9112270140486441 0.9119228011425714 0.9065808161475377 0.9091570706075321 0.8992855318788006 0.8904753116309401 0.7498524797819678 0.7433693689510464 0.7381475301283523 0.742033758372387 0.7452157364056184 0.7471531787441055 0.7441670340349308 0.742374247532002 0.7439517468577654 0.7345841151988849 
14 0.9055870450516084 0.904722029181244 0.9007431726561422 0.90500708733504 0.9087281489769308 0.9108604481435044 0.9037411119872679 0.9076361670492886 0.8969839088672256 0.8876976633829984 0.7479213133050802 0.7418435742495253 0.7360462275954797 0.741015099927254 0.7436764497402928 0.7469601535598 0.7427004890235205 0.7417745341442351 0.7433063353039854 0.7329988891368828 
15 0.9054506036462859 0.9043677557927622 0.8993931965485684 0.9020351585704804 0.9069718393447849 0.9089256943111413 0.9031426076094448 0.9061079017655523 0.89376233199997 0.8854189866700075 0.7475165190554786 0.7417860424130762 0.7358707238352578 0.739834422638473 0.7424312710768757 0.7466157242156907 0.7424403755782885 0.7416877451130421 0.7412662135581725 0.7322010590262017 
16 0.9046320605940417 0.903889186365744 0.8967031134463755 0.9006470591556152 0.9050748416045055 0.9074129074777156 0.903155564550188 0.9037802535305267 0.8919953641343215 0.8846169677853992 0.7474353919421848 0.7418122294685882 0.7345132810662148 0.7394358365769779 0.7414261981055097 0.7461294491710249 0.7422696442874622 0.7403978238802726 0.740475179533166 0.731895847270644 
17 0.9030754285860774 0.9028878788335766 0.8948890484028931 0.8982586039861419 0.9029941042868442 0.9051306363966368 0.9007102343242126 0.9033134377163493 0.8896132482099 0.8836943953841133 0.7470009039158906 0.7413885195943491 0.7337966601966114 0.7384429809286477 0.7407343371918828 0.7448507881984959 0.7412715256570914 0.7399396702652941 0.7395396262516727 0.7315533944996379 
18 0.9034488593013202 0.9018674128528741 0.8929347947151369 0.8969031329653422 0.8997538580700639 0.9049455368863147 0.8991839348865893 0.9014884007461492 0.888620542079072 0.8825269136859628 0.7471866825476213 0.7406522776020457 0.7330890515906155 0.738416508669314 0.7396901011543583 0.7448219999053245 0.7404282125082572 0.7393220770283713 0.7394812137848761 0.7311139769846721 
19 0.9016904501491095 0.9013893272820708 0.8906982017155489 0.8959864063750689 0.8976262021904926 0.9033101145857967 0.8981314157954774 0.900630823764104 0.8880164564620754 0.8814499297225636 0.7465117145951492 0.7409346256865178 0.7319320257036951 0.737944435589413 0.7386828142752291 0.7438844669493195 0.7394956700740909 0.7388114878722274 0.7393676869416896 0.7304425077415251 
20 0.9000108019837108 0.9005864978151888 0.8894825382419566 0.895991631690803 0.8984867340862828 0.9028567551413224 0.897859425206307 0.8995609413424996 0.888284416766638 0.880953627542262 0.7459930839506128 0.7402690243515321 0.7314090014682044 0.7381211851612729 0.738963063532621 0.7437998883749054 0.7393947755381277 0.7385842409556712 0.739802822900548 0.7301129994345292 
21 0.8986667965084293 0.9009064823076777 0.8888154972237918 0.8957927190553857 0.8985010796403387 0.9014400664928593 0.8970869409020165 0.8963560852377123 0.8873904305816884 0.8803266265689664 0.7454374123610931 0.7400479858577945 0.7310153118228667 0.7377183886383807 0.7385146214124576 0.7431315247564243 0.7391637246556491 0.7376468294698676 0.739602961940394 0.729556724097689 
22 0.8969916474278636 0.9003414408944769 0.8879695231064532 0.8959998222587994 0.8985897351499885 0.9011047849755516 0.8950367749048315 0.895497606683793 0.8867130500308933 0.8796005967961023 0.7443469479058377 0.7397740162788721 0.7307952377798993 0.7384300838152252 0.7388509046844488 0.7427086857150667 0.7381606506869138 0.7372131961235012 0.7390758787357082 0.729143238327114 
23 0.8967224795677575 0.8996215288902777 0.8875079682292031 0.8951885458460161 0.8984627227793895 0.9018273010460842 0.8941845522549405 0.8962212564583708 0.88689940767877 0.8786604983688476 0.7439241153943285 0.7391338702031025 0.7307373125891053 0.7383540040198217 0.7389486736013512 0.743195398181844 0.7378223584989958 0.7374032324765101 0.7390014513667006 0.7287397967843937 
24 0.8966678853533707 0.89905422672548 0.8861292994781726 0.8957533369702311 0.8984752423065824 0.9011537823722104 0.8936229660307715 0.8966707019636652 0.8865585017147816 0.8795142491843908 0.7437903544132876 0.7390772946262032 0.7300928160741489 0.7387317394642692 0.7389065846664211 0.7429060750892313 0.7377000177531672 0.7371973886994571 0.7387659480227525 0.7286450551123055 
25 0.8954275848146972 0.8978076228010489 0.8858925607138348 0.8952678506849207 0.898105693837467 0.9012493749622774 0.8934645980642368 0.8952811018316114 0.8861289172497041 0.8787507721752847 0.743486582448769 0.7385789038234488 0.7298660673061109 0.738625193175135 0.7388336235925063 0.7428423741654473 0.7376959708199947 0.7369766661572326 0.7382892527638324 0.7282859416220081 
26 0.8952013643411021 0.8972178023507442 0.8857980171966615 0.8951142601953171 0.8987691411009638 0.9015529765715542 0.8932094159283188 0.8954816059776198 0.8857006235573052 0.8794212999774947 0.7434962593107575 0.7384581043426242 0.7299113705617972 0.7387380127838608 0.7389241827145646 0.7430200999266986 0.7375297841558973 0.7367869440049796 0.7381592142297073 0.7284751957525317 
27 0.8952963775937873 0.8969082896635008 0.8864915428841594 0.895629000605265 0.8984815203598575 0.9017959153739413 0.893385520219424 0.8957947198228027 0.8848698112610422 0.8795534135138147 0.7436952423001348 0.7384584250096776 0.7301935068457605 0.7390267386744164 0.7387620304179991 0.7431122871127731 0.7379977569960279 0.7369995967342933 0.737838557767126 0.7285594879369852 
28 0.8955172041303534 0.8968408911366407 0.886454389730957 0.8951757511478403 0.8987525470317796 0.9010654745083062 0.8927969300631127 0.8958455315159647 0.8845579103760807 0.8793811211564669 0.7436613814308716 0.7385487379458576 0.7303809056477242 0.7388892091418474 0.7391024022755366 0.7427256119329095 0.7377700266163532 0.7371600316515384 0.738058597694689 0.7284412586178519 
29 0.8954804546891301 0.8971597049053635 0.8876261518562143 0.8950664370192295 0.8982097336757553 0.9003309215210132 0.8934935324132237 0.8955274243280701 0.8843376915142784 0.8789215246003663 0.743893289717218 0.7385518559579728 0.7307600402068417 0.738898887041904 0.7388053557335748 0.7427172941560626 0.7380453339833076 0.7368907196909025 0.738126785932286 0.7281063652078652 
30 0.8946315863708983 0.8960853584918048 0.8883825882030194 0.8951229489774208 0.8986593160993296 0.8994624993211621 0.8933730619586817 0.8954554647844323 0.8832803298334453 0.8782942064305266 0.7436012247946108 0.7381888945950904 0.7310418913685889 0.7389728628677521 0.7393113187579599 0.7422694684309323 0.7382061757029666 0.7368740285342753 0.7377543410352794 0.7282016156508425 
31 0.8940711211570113 0.8962110438527814 0.8880414868259296 0.894454960230525 0.8979010471214788 0.8997661222177403 0.8931831286721968 0.8950369000748242 0.8837439387695709 0.8782515470432867 0.7436198915597989 0.738057015900556 0.7308655747767923 0.7388186323673224 0.7390175572613897 0.7425748120590708 0.7381715944441648 0.7368777278621679 0.7382140184621302 0.7282270071292828 
32 0.8933721903202151 0.8961899620287868 0.8878284204763873 0.8947282693742447 0.8977521719323172 0.8996543356058022 0.8926791178299359 0.8947459675002297 0.883661348005481 0.8785066345358209 0.7434238661075274 0.738117266296473 0.7308670469193518 0.7388961850654542 0.7390220503888714 0.7425700307396287 0.7380511521770232 0.7370046823520371 0.7383745094775177 0.7282406379067488 
33 0.8936937771413396 0.8961030277986042 0.8882888682439408 0.8949129793082206 0.8981582348265007 0.8996729541078443 0.8933712024592011 0.8948056546554634 0.8834457540581016 0.8784605495119027 0.7435299473655139 0.7380616053636523 0.7312246923421717 0.7387520075543145 0.7391336292855142 0.7424422006596398 0.7381956865579096 0.7371491869827158 0.7382847229257709 0.7281898746641087 
34 0.8939790021412546 0.896060604734588 0.888183755063267 0.8946595240644014 0.8977429058606659 0.8998502346749774 0.8937468877019794 0.8947545204616748 0.8829644684990573 0.8795159916825711 0.7438041537528713 0.7379165946942188 0.731137159441994 0.7387960435517924 0.7389304497589408 0.7424413614597288 0.7382467351950276 0.7372435853984264 0.7382561956420329 0.728704815673436 
35 0.8941174977341454 0.8962126500033623 0.8883366758780343 0.8947343035103095 0.8973507486898789 0.9006647585974368 0.8940550036812801 0.8946249695280367 0.8830609337503064 0.8802578036434112 0.7436997879914454 0.7379896959118877 0.7310476690926211 0.7389907922701862 0.7388809299198887 0.7428138344127935 0.7381752790460351 0.7374313130892987 0.7383710440778607 0.7289797145791804 
36 0.8934813430674352 0.8958614893343958 0.8883722820178578 0.8943711929373414 0.8979328949483599 0.9002369655273216 0.8935546240836247 0.8953917607657349 0.8835401000745565 0.8798400376051344 0.7435451066233992 0.7378303145995183 0.7311625469709748 0.7388851054425012 0.7393906666993083 0.7427494261352859 0.7378676285005092 0.7378527280959953 0.738640840406656 0.7286632328349992 
37 0.8940193499164923 0.8957566467867111 0.889131029355214 0.8946541326762856 0.8976473987928292 0.901213673962289 0.89348913057161 0.8950708771922753 0.8837149198814231 0.8804696361911949 0.7437792128308852 0.7377910432405508 0.7313592734608357 0.7391382725956369 0.7392242125105868 0.7429813253805588 0.73768685592211 0.7376293604140588 0.7386680532021465 0.7287973848450405 
38 0.8939583388278896 0.8960602304269645 0.8887787782005495 0.8950703420251439 0.8974094509235095 0.9013079470237116 0.8937957175073589 0.8948839431190867 0.8839913233829022 0.8802797906009033 0.7437132154378121 0.7380210244559199 0.7313407398871181 0.7393746466285833 0.7391956736707612 0.7431948355479698 0.7378591703770001 0.7377074473727228 0.7388184160188839 0.7287385813495548 
39 0.8939785391035734 0.8965197856279914 0.8893784332521273 0.8952215569232067 0.8975302071035627 0.9018334642928759 0.8930100722667111 0.8947234564907152 0.8846337322466298 0.880765403054646 0.7438672210897864 0.7384074979631878 0.7315219338629053 0.7396333616419272 0.7391923479125038 0.743342223490967 0.7374995791800933 0.7378126519066364 0.7391562158947286 0.7289276398077623 
40 0.8939833509075555 0.8969319033034144 0.8891167345043698 0.8957387778866966 0.8979632983609938 0.9016366014832716 0.8931030758880751 0.8951264516259154 0.8847077418937863 0.8805154825224377 0.743935518174711 0.7385982171246482 0.7314828135563061 0.7399796232274072 0.7392585641346171 0.7432048509100131 0.7376996160020348 0.737849220107784 0.7391865262714357 0.7289321014114951 
41 0.8942142695730683 0.8966616880216856 0.8892007732460919 0.8960048064584843 0.8976413397670343 0.9010287894582955 0.8930299618005462 0.8950070336293562 0.8846592745447073 0.8812150156772648 0.7440177287957038 0.7384666153961132 0.7315038416884971 0.7402501046017188 0.7392156387648516 0.7429725677948407 0.7376398488945889 0.7380865690727499 0.7393085760037061 0.7291264261622178 
42 0.893875815190699 0.8968392439462747 0.889213097314966 0.8960705932027285 0.8971532995026958 0.9013559548198998 0.8938411813274219 0.8952407024500575 0.8848482194157987 0.8813182324806443 0.7437417203150061 0.7386528947016018 0.7315760389794527 0.7403108112695982 0.7388984120321407 0.7431717244071052 0.7380551076955565 0.7382245246724741 0.7394021304672302 0.7294673782966419 
43 0.8940037529487197 0.8972716609510211 0.8893406823384219 0.8957439606692865 0.8974500858743986 0.901372560965784 0.894208041086132 0.8951831781997979 0.8851741754686627 0.8809560163180635 0.743694426087126 0.7389325785477996 0.7316829259366117 0.7403059514825155 0.7391413088158423 0.7431228504555252 0.7380105087452374 0.7383006150827142 0.7397557602078013 0.7293537056419788 
44 0.8937046527675501 0.8974368662137573 0.8895863016855552 0.8953894251484633 0.8981028313498116 0.9015788959427696 0.8949160255525831 0.8953568128745605 0.8849819437035243 0.8810616452694656 0.7436020696561979 0.739072392216099 0.7318138343502281 0.7401647454765019 0.7394162963049334 0.7431661970189851 0.7384154653916594 0.7382921022403679 0.7397810697702819 0.7294942455364074 
45 0.893264608892776 0.8974353280711084 0.8901441045022493 0.8957143505417189 0.8976633711445798 0.901820022823989 0.8950495414597018 0.8956550022210966 0.8853952518369702 0.8813519742982744 0.7435704444390782 0.739058010781755 0.7320496259388448 0.7403498073181607 0.7394278331648465 0.7433587142127863 0.7384673995361155 0.7384170900596964 0.740157723120726 0.7297271149074258 
46 0.893449963437249 0.8975427876346735 0.890145364463024 0.8961500457780678 0.8980490246471112 0.9022881263218065 0.8952558618267776 0.8957803830033648 0.8853619482191574 0.8814515486560891 0.7436175487640968 0.739040940479647 0.7320817348945073 0.7404520867408118 0.7395359041293191 0.7437500187480357 0.7385498804483642 0.7382971421998769 0.7402220623461073 0.7297388422135604 
47 0.8939988971884614 0.8980249269563867 0.8901455875430687 0.896009690940649 0.8979053905443758 0.9024835989504636 0.895298895097857 0.8955118445400134 0.8853961498287465 0.8815356724116266 0.7439101803749162 0.7393219886150322 0.7321583592497288 0.74036342439613 0.7395383859885106 0.743783866549932 0.7386335568304646 0.7381487500933216 0.7404041733354316 0.7297055862966185 
48 0.8939315197009986 0.8987927982684405 0.8907294407659491 0.8964620548542894 0.8981923511717238 0.9026232135681695 0.8952205460627091 0.8960474621459882 0.8854564478006978 0.8815705048515612 0.7439938913772267 0.7394484304680912 0.7326039941190992 0.7405685271565224 0.7396574646384162 0.7439133568229314 0.73865509237117 0.7384915943081718 0.7404131080436723 0.7299126839778307 
49 0.8939860779874156 0.8991612885635681 0.890853931570348 0.8967497095673455 0.8981554690229617 0.9030031739919042 0.8956309098030181 0.8960403143091554 0.8855358671253434 0.88245048347262 0.7439923776495059 0.7396067289123817 0.7327261406579181 0.7406344945456631 0.7396682027638125 0.7441256030973034 0.7388042733853407 0.7385368467858675 0.7407407184886811 0.7303406073449126 
50 0.89401365452433 0.8995800747384929 0.8912196594696002 0.8971541364352746 0.8983903685748548 0.902841230006735 0.8951903644609461 0.8961441209778268 0.8859823278310881 0.8827742014483638 0.74419032072039 0.7397937800018503 0.7329482050349647 0.7407801089089311 0.7396099410952105 0.7441164459949868 0.7387455528886369 0.7386046302446848 0.7409436900079661 0.7305874746688698 
