1 1.5482402033780331 1.5273447077551379 1.5366717536788959 1.5671739138517966 1.5755946133045142 1.5754478330411594 1.5532810839634847 1.558094069275264 1.555208179336198 1.5813741603282305 0.9608291648663626 0.9481802838443102 0.9550954105904695 0.965322226612551 0.9675749888952583 0.9662666097121808 0.963479531224599 0.9594909669083487 0.9679795205576914 0.9669207046817896 
2 1.2150239128204627 1.2146938054648904 1.2116631610160857 1.2204861702125755 1.246629645550459 1.2264078749589726 1.2285539511765013 1.2280201772417236 1.200811717850563 1.2343456660572323 0.8552532129694462 0.8478994868144731 0.8499640338320414 0.8535945399183953 0.8595589995796062 0.8539827042826813 0.8557178843330705 0.8560894390734175 0.8537881726780694 0.8551950002406373 
3 1.1034001437674383 1.1052710674966681 1.0979524041880309 1.105274148003256 1.1357548481046524 1.1154762409486847 1.1065587421674001 1.1221730294321057 1.0955780193710971 1.1045146107104953 0.8153835821801115 0.809308857152907 0.8081301133735166 0.8137817303063627 0.8212920099571149 0.8135294367906575 0.8128471857990699 0.8148821474315967 0.816016050957553 0.8074293715087447 
4 1.0506278849540154 1.0559294113855873 1.0501060360041279 1.0524848473520423 1.073123815930686 1.062781495429683 1.0583274736867245 1.0618528720087081 1.0359121281480634 1.04119870465594 0.7981357831086034 0.7925864507518335 0.7898587980415855 0.7937814529184881 0.7986399382683614 0.796324287430009 0.7940320165778155 0.7930798951223068 0.7913305374618043 0.7832487104802103 
5 1.0247727938987758 1.0307561203371987 1.0167938777145082 1.01808470110913 1.0404436428474135 1.029434436891506 1.0229353917203514 1.0282397890874615 1.001010638947701 1.0054673200576392 0.7889199738076633 0.7816753118257298 0.7779841347086722 0.7801413081175022 0.787211621781471 0.7840353013483964 0.7809404485647459 0.7816180896000192 0.7772714627053948 0.7696018307551274 
6 1.00456566962054 1.0088415368410772 0.9962929502225722 0.9982311590166295 1.01512329603512 1.007968978923757 0.9995969657615382 1.0081162416310676 0.9796478177273733 0.9867905126355089 0.7815916259317458 0.774308095604825 0.770292186222452 0.7741173805778792 0.7764051259945804 0.7772659877522747 0.7731951807188264 0.7730123417839293 0.7686944186870288 0.7616162044256051 
7 0.9866233297660918 0.995581099600448 0.9808295132159799 0.9822601343876403 0.9947972805298335 0.9932556363933011 0.9881195325522713 0.9956448040369165 0.9659718888186093 0.9735447613198955 0.775231233446402 0.7685436989032629 0.764949335726495 0.7671135900804302 0.7682134623324708 0.7712204857058678 0.768579092096496 0.7685784697807112 0.7627316087740985 0.7562374294093172 
8 0.973640248756862 0.9833211617322244 0.9693044784918615 0.969348181078791 0.9804035136319011 0.9796476077238302 0.9730096706744221 0.9801377582144962 0.9556338850838331 0.9592703503096977 0.7697338563223446 0.7642424577480479 0.7607779882133229 0.7620312533684359 0.7629655813545219 0.7662386191580665 0.7614693088048987 0.7626410787789569 0.7593550527345818 0.75125259485177 
9 0.9647280256138622 0.9736489968505888 0.9643306442841946 0.9628364445280928 0.9711441460439363 0.9668623921378748 0.9648994280676821 0.9711046160623288 0.9463356138547008 0.9491249310029363 0.7654616441082852 0.7607942537189618 0.7584784307700536 0.759961282711361 0.7582623391871661 0.7613060898108823 0.7584604446127683 0.759035593286997 0.7560797917289227 0.7473578387100677 
10 0.9600533815598395 0.967797853045304 0.9549363219348952 0.9554934413867717 0.9654884132654328 0.9584309802491796 0.9567591949327688 0.9628467424983357 0.9381967921804327 0.9423701462304258 0.7636392272162208 0.7585957130241565 0.7541966239117878 0.7570346838016894 0.7561462548711582 0.7582255917616189 0.755450548585546 0.7567483030353861 0.7527373414310183 0.7450640865984044 
11 0.9531184098757957 0.961383065860512 0.9490752760349409 0.95054407792367 0.9600946586823679 0.9504889722429362 0.9488011224329977 0.9587953141219919 0.9319019496163957 0.9366040324771351 0.760922926262897 0.7563585459652524 0.7520247315481137 0.7555024901643355 0.7545596895116099 0.7552051367037358 0.7524541071163314 0.7558400000694492 0.7503131554180735 0.742754579219401 
12 0.9511170633333536 0.9551684370187384 0.9445187917224008 0.9458777705389956 0.9553129481575942 0.9471850959785874 0.9463392956748632 0.9540490142060273 0.9254446875036155 0.9306846180495091 0.760889238520424 0.7539601603433321 0.7500403330770121 0.7536244376698915 0.753464210722611 0.7543213305560196 0.7526204907193406 0.7537978487517506 0.748074844816042 0.7411901147990475 
13 0.9458579339407331 0.9493580120687608 0.9421949211947883 0.943614918734926 0.9528853051308365 0.9427407694571832 0.9421816345076908 0.9505665146758497 0.9222423636851905 0.9266494944639029 0.7590418758333962 0.7515364761344957 0.7491154380482465 0.752959753164908 0.7527572310660668 0.7531287158618416 0.7513375377677616 0.7525418508215354 0.7471467161758026 0.7397444050731704 
14 0.9428108948630581 0.9456055083213035 0.9382433809391112 0.9411893517249033 0.9474393037445423 0.9382912097391836 0.9385729900246713 0.9485240444974583 0.9204166075554947 0.9244336981188453 0.7575281736686383 0.7497009105938248 0.7477810103073315 0.7520135883665834 0.7507228110337892 0.7511866586350375 0.7496578177407229 0.7519666218105742 0.7465707788381195 0.7392304052520012 
15 0.9392760856070569 0.9409601072540419 0.9341076179535965 0.9371439405739785 0.943747986997751 0.9338959219220997 0.9368231148894925 0.9457547840730964 0.9187535472382035 0.9204100988007807 0.7564637919740321 0.7478519641160779 0.7463078587207006 0.7506678940084909 0.7494747975723985 0.7496467017023573 0.7487159954239432 0.7506089320828836 0.7465014550137348 0.7376818590186207 
16 0.9350716931609783 0.9399094730696941 0.9321039189333257 0.9358139497181189 0.9416458375906254 0.931240655573323 0.9342958615791116 0.9433022970242587 0.9160702734881782 0.9191525446851674 0.7547292228843038 0.7475400657023861 0.7450847091854256 0.7498090356080748 0.7481720421654668 0.7489679149479942 0.747878280410601 0.7497692330066048 0.7457052094913305 0.7372811270725328 
17 0.9322091398716795 0.9386717144226563 0.9318816114984678 0.9325879035087237 0.9401454269481192 0.9294662650620432 0.9319348247104721 0.9397566624565082 0.9132789592317813 0.917861614067974 0.7536290042549487 0.7476287379402217 0.7448426141952069 0.7487849733103888 0.7475278816262108 0.7479638650167925 0.7467244360181088 0.7488867684657713 0.7450462528531143 0.7371701354008109 
18 0.9310695254849776 0.9373229872945456 0.9293840379866619 0.9301080236250867 0.9394303744415953 0.9288010236482244 0.9293061130661546 0.9389377112559165 0.9098360796341792 0.9171318176193411 0.7531327856859757 0.7474460868593116 0.7437579430082097 0.7479609706783009 0.7472876240220295 0.7477934904367173 0.7453593533991374 0.7486046421047714 0.7442202390137661 0.7369139776130063 
19 0.9311249476927247 0.9348008880622545 0.9291723793834576 0.9290483776769731 0.9364965407745616 0.9278017256021214 0.9275300059707664 0.9382603825245417 0.9087015885416179 0.9159056419490771 0.7533621665962204 0.7462910001950076 0.7440753467020141 0.7476360088937674 0.7464796912381163 0.7479718682141908 0.7445960003444696 0.7484752878108223 0.7440071210362177 0.736966166191387 
20 0.9296923021865247 0.9319009592062808 0.9275043379247363 0.9273006591171757 0.9348021032773175 0.926002861813692 0.9254158963609438 0.9355500792425333 0.9076944398767629 0.9134070014236302 0.7529881305505284 0.7453374641557579 0.7429225144364534 0.7472933626481836 0.7456569817723843 0.7472588789814174 0.7443626926867029 0.7472147041928673 0.7435000870166357 0.7359996770461454 
21 0.9250741185243998 0.9319339225163976 0.9250632767574869 0.9241424050481097 0.9328967197966854 0.9250598130658758 0.9242293775060387 0.9345854459799419 0.906046572978293 0.913016154863295 0.7512629232438977 0.7452689299342237 0.7420543920165691 0.7465331384861521 0.7447832081535083 0.7468681774711393 0.7445644326471904 0.7472271734630654 0.7429409345295979 0.7360094785016587 
22 0.9249359441399109 0.9306706768557044 0.923961568422505 0.924398014285755 0.9329905049101499 0.9234790603744721 0.9227796353879932 0.9337466012018399 0.9035003562141588 0.9121097670095416 0.7512356730907103 0.745240564254881 0.7418625616218997 0.7466786537049589 0.7451552071628528 0.746095323489995 0.7442355020968344 0.7470635846852823 0.741712985605438 0.7358909430130629 
23 0.9235649703239743 0.9294377551174504 0.9226638769315209 0.9220726863107936 0.931787825426416 0.9232708310576201 0.9202368057877877 0.9325922861854251 0.9023766590005782 0.9110083688787414 0.750745438749397 0.7447082672736288 0.7415573279628865 0.7455375947905485 0.7447278979746531 0.746272332254118 0.7435193516230659 0.7465645044421417 0.7412517226810771 0.7353372107524093 
24 0.9229934532958157 0.9283175058454506 0.9201313002850111 0.9201369650008805 0.9304197350013311 0.9235442671703799 0.9193133567617026 0.9319526515296 0.9020893336098752 0.9090857919922928 0.7503758619909559 0.7446088819443799 0.7406029077229584 0.7446488259702351 0.7443544341943951 0.7468402566911001 0.7431144995918325 0.7465144093534352 0.7409166741818716 0.734710922160491 
25 0.9218328121081153 0.9276178970345959 0.9189047254842231 0.9194093854683266 0.929950780567802 0.9220615076898395 0.9180517257140751 0.9304684717571224 0.9009466286758863 0.907488643841595 0.7499611872329629 0.7443423770166668 0.7403013255521579 0.7446667881021415 0.7439149504749415 0.746127092426574 0.7427898529106445 0.7458629257103706 0.740559927997357 0.7341447961319972 
26 0.9206708316249075 0.9268060581640715 0.9189932294502234 0.9188477333834176 0.9282373913495254 0.9208460641906938 0.9173267030481528 0.9294717986187249 0.9010132530967597 0.907230188776555 0.7493954150633566 0.7436898904378231 0.7404709562506134 0.7443237013449572 0.7434540859417613 0.7458506351299614 0.7425869312466089 0.7457560768534933 0.7408148767034063 0.7343624522787597 
27 0.9204673255061054 0.9254392659227871 0.9172894406832778 0.918217755347072 0.9276279816632981 0.9199277411295079 0.916662090247617 0.9275525201864794 0.9010279339212757 0.9062532175894865 0.7493522307322169 0.743222460676979 0.7399383225738688 0.7440606649077477 0.743518365694021 0.7454640846383475 0.7422365450268049 0.7449955403649261 0.7406991515125771 0.7339613836661578 
28 0.9197454607128724 0.9253479381229855 0.9153731076746422 0.9180490252119365 0.9270456072486133 0.9200044971969693 0.9163826014042646 0.9259937107992388 0.8996094930497455 0.9049964897744301 0.7488634557697725 0.7431263260372388 0.7393252092044711 0.7441192133178972 0.7431707318660867 0.7453448182710853 0.7422427336534846 0.744474215896428 0.7401575696874646 0.7336956264774188 
29 0.918934271369039 0.9241819819362849 0.915057842011606 0.9180006543899463 0.9257058380789461 0.919593818901344 0.914634102096758 0.9239452284089719 0.8997889847820799 0.9046397809021018 0.7485710338293079 0.7425467332246367 0.7393375269906777 0.7441305768241515 0.7426692601307201 0.7451522244999895 0.7415027093961408 0.7441209422228271 0.7404306875171741 0.7334043661897837 
30 0.917303861532647 0.9231897051814729 0.9154057926369152 0.9171108509273485 0.9253204300239595 0.9200206526404648 0.9139823720394373 0.9229353919433283 0.8996740473535608 0.9031196328838983 0.7481474198002599 0.7421269500642286 0.7395211737519182 0.7438299856456179 0.742379078190553 0.7451893134768184 0.7416065830067241 0.7440385060468908 0.7404628873552987 0.7329462300858262 
31 0.916561766631106 0.9230663973372101 0.9139590894988078 0.9161709549490681 0.9243436990835153 0.9195605658950837 0.9139227060709559 0.9223646132923422 0.898997061653481 0.9025027278235596 0.7482845908789503 0.7421676329547895 0.7388100535585107 0.7438197990013631 0.7421000297045373 0.7448537065150219 0.7416624984204632 0.7439580890596142 0.7405867078051539 0.7324394175671683 
32 0.9161363701891667 0.9226272838552524 0.9133441337321659 0.9157805006752258 0.9240346508638697 0.9189331550101935 0.9141454115357439 0.9215626725060669 0.8993959104693607 0.9028074147879788 0.7482618096276307 0.7419966803604237 0.7386949148492428 0.7438445402686351 0.7422215112327483 0.7444983512793638 0.7418647369447599 0.7438143405904233 0.7407993954516906 0.7327143573765442 
33 0.9153569653689742 0.9217648825733006 0.912795023612221 0.9148594671772078 0.923374948302063 0.9191171472053069 0.9139526640283446 0.9221048377542355 0.8994573322879751 0.9027842681548917 0.7481138158608296 0.7415617451513561 0.7385213319708589 0.7436514752024272 0.7421146617465039 0.7446809904490483 0.7421630922466579 0.7442095841859669 0.740817162384121 0.7327619168757495 
34 0.9152107200587508 0.9212461792357693 0.9127706392364007 0.9141565189411242 0.9229869874858301 0.9190738029911351 0.9134775434983913 0.9212390473708357 0.8996872332470109 0.9027480612024965 0.7480472720071386 0.7417578340738584 0.7382338111186901 0.7435737888893187 0.7420096380789494 0.7448385241251975 0.7424006950759533 0.7437908175151063 0.7412291914442174 0.7330845125885549 
35 0.914450650484175 0.9211459956526854 0.9120884837724414 0.9136066162788077 0.922420455393651 0.9187671533124723 0.9129899519719719 0.9209315343375439 0.8992339123096895 0.9027609885667062 0.7478732530255409 0.7421494352552093 0.7381087252775046 0.7434413739816984 0.742099731797962 0.7450271324661815 0.7422954521745146 0.7436491416431666 0.7411748325266824 0.7328344141971185 
36 0.9141474664602313 0.9209397485250567 0.9118972834324475 0.9128828450674696 0.922192927630785 0.9184480247506226 0.9126773002852088 0.9201628094239875 0.899285395564601 0.9024928819569755 0.747837081588443 0.7422961390880612 0.7383095136067863 0.7432192005962532 0.7420699580996303 0.7450909390724413 0.7423351627317536 0.7432623421579385 0.7411758785256736 0.7326735156140005 
37 0.9138128209299752 0.9207021034379761 0.9111930161747341 0.9122312097798649 0.9221638781417417 0.9183042362567838 0.9127576751650184 0.9184929340424798 0.8990622025425735 0.9028564274875429 0.7478787004161087 0.7423947809644829 0.7381217884775193 0.742999937626041 0.742134901205213 0.7450026370561909 0.7422669167901026 0.7429234379112883 0.7412989723030601 0.7329455448214571 
38 0.9135159265249327 0.9209427939170555 0.9107938668259284 0.9120613214681796 0.9215397426744788 0.9189353076245989 0.9131823354294293 0.9185033951535264 0.8991554663961002 0.9027130246287183 0.7479568845701622 0.7424971981213114 0.7380928478549851 0.7429964535873939 0.7420221223865753 0.7453063176550869 0.7425363606338302 0.7431373399301742 0.741359376868235 0.7330443471959391 
39 0.9127980126905746 0.9197128062343678 0.9105668843090995 0.912229769388525 0.9215506843233192 0.9187082786907893 0.9128268156812807 0.9185835327041506 0.8994629324079219 0.902600762641286 0.7478376745595797 0.7420910586991563 0.7379908366017179 0.74313197614901 0.7418627971516236 0.7454646285913827 0.7424250547061363 0.7432406540292466 0.7415346769685128 0.733240205073872 
40 0.9129814398634079 0.9198315641661716 0.9097357211072327 0.9118638503242457 0.9212787824453328 0.9188713802316241 0.9124243777378406 0.9179823051616153 0.8997084608544755 0.9019754799767885 0.7478741962187329 0.7421778611878237 0.7377509267180595 0.7430916089602552 0.7418035063330779 0.7455097065911748 0.7422370696652861 0.7430368936121208 0.7417991510006886 0.733113431515919 
41 0.9123222079874446 0.9204879573802005 0.9098824558517002 0.9122708785913386 0.9214438556695459 0.9193404219769833 0.9122922838194176 0.9180640854590547 0.8998423944150944 0.902265329748819 0.7477288807334247 0.742555666681626 0.7379205143605169 0.7432650510949871 0.7420480981054608 0.7458906509661946 0.7422738422155982 0.7431094879180464 0.7418297095941124 0.7332753321400103 
42 0.912521685565051 0.9203029242802281 0.9096831083692665 0.9120894633572754 0.9207954361406373 0.9191566774115845 0.9126182031504632 0.9177546222757003 0.8995600069329804 0.9021976675187717 0.7477864588794032 0.7425195202619269 0.7377717771747793 0.7430909983454218 0.7419316373459328 0.7457844735849906 0.7423774428280573 0.7431183810777927 0.7416865304003496 0.7333864222563452 
43 0.911976764544229 0.9197745534322975 0.9098649729309835 0.9120577921648706 0.9209419912579129 0.9189776985973096 0.9120136455785861 0.9176185145104069 0.899939313994134 0.901685109248219 0.7476154855291719 0.7424610592532018 0.7378232571138519 0.7432385359325716 0.7420284049802857 0.745950917455202 0.7422322389519029 0.743013317615341 0.7419065723775449 0.7332975659939027 
44 0.9120444173315078 0.9190202246321967 0.9101338808393273 0.9121477474263178 0.9202314819069699 0.9190921285483906 0.9117997117506096 0.9174015840006606 0.8998783297459663 0.9015744927373628 0.7476832122285194 0.7422663309855602 0.7379347516635262 0.743485461258836 0.7419435358742741 0.7461368064384147 0.7422377795163407 0.7430910628333354 0.7417971372563701 0.7333824091073934 
45 0.9122547876826291 0.9190377208347287 0.909338525543954 0.9121473799899439 0.9203651004090553 0.9191819525466819 0.9114066353090053 0.9169707089346683 0.9002388774161489 0.9011376193139135 0.7476983246704545 0.7423870562988208 0.7376200020858036 0.7436351595639022 0.7420634893622026 0.7461904054919853 0.7422051668376122 0.7430695430893414 0.7421026435448331 0.7332105483027561 
46 0.9119849510266523 0.9189450149743179 0.9092630363317725 0.911902324698496 0.9201215056554125 0.9189396411365651 0.9115772995470522 0.9167285400114648 0.9006968440787414 0.9008279549340783 0.747661369006977 0.7422568595040929 0.7376371315513551 0.7438179871025743 0.742112003297735 0.74613658214378 0.7425256513974616 0.743162878001871 0.7423226381779572 0.7329231360630323 
47 0.9122626402254423 0.9188536626260928 0.9091852661533326 0.9120798639651819 0.9198434868686151 0.9192050294342015 0.9116413268988185 0.9166886933361759 0.9012330188173242 0.9004682549462887 0.747828805388982 0.7422624319390798 0.737702444647345 0.743839423508695 0.7422603235011814 0.7462787416132729 0.7426575363410614 0.7432316061837296 0.742704331790882 0.7329189304483913 
48 0.9130020591602084 0.9192916045706279 0.9090256323463362 0.9123838537384641 0.9199851651048717 0.9193489694801096 0.9117370774622282 0.9165646541572634 0.9012667397651231 0.9007835525589222 0.7482120558290248 0.7424503831763324 0.7377599516418116 0.7440428400293281 0.7423012981364455 0.7464591119364818 0.7426542072964688 0.7434835846346705 0.7430586353723715 0.7331750726749419 
49 0.9127541007030932 0.9191688886995395 0.9084084168513463 0.9125240349926951 0.9193674007450043 0.9190995840626174 0.9115565312712223 0.9160941462214829 0.9005944839958094 0.9007902765736236 0.7481987097957228 0.7426774079123466 0.7376054263882995 0.7441542160760669 0.7421766177979489 0.7464409310904329 0.7426510295476921 0.7433477617381322 0.7428366336487364 0.7332592531569705 
50 0.9121454327385298 0.9189699523605821 0.9085097712794179 0.9120000147539162 0.9193047756439411 0.918785535877346 0.911315461811227 0.9154477866871921 0.9006225584126909 0.9008010703966786 0.74815964189875 0.7425787814228623 0.7377677328099936 0.7441803089986967 0.7422879066154034 0.7463636815228455 0.7427235093927972 0.7432900374517961 0.74294340071832 0.7331860594403992 
